# 1002 BAY TERRACE DRIVE, GALT, CA
LAT=34.052235
LON=-118.243683
